0 0.09566041113464793 0.4927167610000076 0.15775576573082292 0.7667750693677831
7 0.18404839335262702 0.4986838821624029 0.13314139093594293 0.5430080257779634
0 0.26180744100008946 0.6202639758462052 0.11412119223080822 0.32073276247874205
6 0.2634856938270131 0.35472708411961873 0.036921562192320324 0.11486708237610763
6 0.34348241191037376 0.5121099047777922 0.05146642002565862 0.5847778739147299
6 0.4145284482501417 0.5978872714872232 0.034683891756422086 0.24316018736760456
1 0.46151952740400376 0.5128557949230915 0.11076468657696095 0.6340066235044902
7 0.5376003222245427 0.4703400566410258 0.08167497091028438 0.5280902228719754
4 0.6041710176925141 0.4516928030085407 0.04922874958976045 0.3774204135214966
1 0.6729793835963838 0.48749552998291196 0.10628934570516449 0.6190888205985021
0 0.778149894083599 0.5061427836153969 0.12642837962824827 0.44753408717964016
3 0.7995755885073248 0.3892617978469808 0.05739624668078784 0.2107885550616108
5 0.8486365128143925 0.6187721955556064 0.07272428916669156 0.16558761225646676
6 0.9224796371990329 0.4927167610000078 0.041396903064116655 0.43858340543604735
4 0.865419041083629 0.38754625051279235 0.036921562192320324 0.41023957991467014
