1 0.1190033822727679 0.44168495227659244 0.19121910997675523 0.6536710000623834
0 0.23546395723201513 0.5637397033255851 0.10476366131705216 0.29835605811976
0 0.46685942276239717 0.39150688795645094 0.13019173445225882 0.4746573651905274
0 0.7357796321537232 0.4702166064981947 0.1475743096997736 0.7707581227436819
1 0.9151624548736461 0.4629963898916967 0.1083032490974729 0.6696750902527075
7 0.8190352809408569 0.43501805054151643 0.11646433910628026 0.5559566787003611
7 0.572653429602888 0.4620938628158845 0.11642599277978334 0.5451263537906138
6 0.3898916967509025 0.4476534296028881 0.07851985559566778 0.5956678700361011
6 0.34521660649819497 0.5406137184115524 0.05415162454873645 0.4602888086642599
3 0.5185018050541516 0.29061371841155237 0.062274368231046894 0.2454873646209386
6 0.6112364620938628 0.6416967509025271 0.039259927797833924 0.22924187725631762
4 0.6640342960288809 0.4232851985559567 0.05279783393501795 0.44223826714801445
4 0.27888086642599275 0.3691335740072202 0.07310469314079424 0.4386281588447654
5 0.10018050541516244 0.5929602888086642 0.06227436823104692 0.1750902527075813
6 0.21592960288808663 0.2951263537906137 0.041967509025270786 0.12815884476534292
