0 0.12454873646209386 0.42057761732851984 0.15433212996389892 0.7003610108303249
4 0.26534481575621977 0.3249097472924188 0.0703971119133574 0.4259927797833935
5 0.5604693140794224 0.305956678700361 0.06498194945848375 0.4025270758122743
11 0.6342509025270757 0.1732851985559567 0.08258122743682314 0.10830324909747292
11 0.7066787003610108 0.16335740072202168 0.05144404332129966 0.0956678700361011
11 0.7093862815884475 0.25541516245487367 0.03519855595667863 0.06317689530685926
11 0.6782490974729241 0.3438628158844766 0.03790613718411549 0.08483754512635379
12 0.641696750902527 0.3285198555956679 0.027075812274368262 0.12274368231046928
12 0.6931407942238266 0.4431407942238267 0.07851985559566785 0.05234657039711195
12 0.7824915932183788 0.4783393501805054 0.06227436823104696 0.03610108303249099
12 0.7678228124566323 0.5521170424589364 0.07565377131135918 0.03474469497262412
11 0.5484268756536907 0.6036736866118626 0.07901616114741948 0.08405974590151018
11 0.6480376745469804 0.5694893899452484 0.0680883941802231 0.06500620349716783
14 0.7762287870467831 0.699501796939584 0.1496263477046881 0.17484427147514098
15 0.871934977119049 0.25041122588093356 0.23393827284390273 0.3008218106662043
16 0.312176675598506 0.625889626969955 0.08652280382048741 0.09346989025862883
16 0.4274351551403963 0.6086271697600282 0.0821019306325794 0.07578639750699637
11 0.38827884976178134 0.7206226238536998 0.051787371629780726 0.05726083367195265
11 0.4801698567390145 0.725675050354167 0.04610339181675599 0.06062911800559718
11 0.5553247009334525 0.7164122684366451 0.03978785869117303 0.06399740233924149
2 0.3049453901697133 0.7588947545947319 0.06460790387471417 0.08614387183295229
2 0.6450052713167317 0.714896540486505 0.06391319523090026 0.09633293194222631
5 0.35943388189878633 0.3276173285198556 0.07445848375451262 0.3844765342960288
4 0.4697653429602887 0.3113718411552347 0.05415162454873645 0.40974729241877256
