15 0.16854631291880515 0.6164259927797834 0.21796028880866422 0.26173285198555957
15 0.8772563176895306 0.2148014440433213 0.1759927797833936 0.24187725631768955
0 0.5618231046931408 0.48826714801444043 0.14079422382671475 0.8321299638989168
4 0.7493231046931408 0.3989169675090253 0.05821299638989174 0.48375451263537905
4 0.674864620938628 0.38447653429602896 0.06633574007220218 0.4837545126353791
5 0.24300541516245489 0.18592057761732853 0.3398014440433213 0.06859205776173287
5 0.33777354132386017 0.638086642599278 0.06092119610646582 0.4277978339350176
14 0.46231949458483745 0.7265342960288809 0.16922382671480135 0.20758122743682314
12 0.10965703971119133 0.2996389891696751 0.027075812274368224 0.08303249097472926
12 0.23555956678700357 0.24729241877256314 0.09476534296028881 0.05776173285198556
12 0.26940433212996384 0.7879061371841155 0.07851985559566785 0.04873646209386294
12 0.16110108303249096 0.7942238267148015 0.07581227436823104 0.043321299638989216
11 0.8535649819494583 0.417870036101083 0.07987364620938635 0.05234657039711187
11 0.8691335740072202 0.5333935018050542 0.06227436823104696 0.0703971119133574
11 0.8298736462093862 0.618231046931408 0.062274368231046824 0.08483754512635386
11 0.8551879831969438 0.7389334595624741 0.09705079754083429 0.111060755191086
11 0.7546983778692293 0.7516697846990665 0.048907488524514944 0.09170154098346557
11 0.6859222221316302 0.7445374426225747 0.05196420655729725 0.06113436065564372
16 0.4898260584181162 0.3723334427305548 0.10584181161798491 0.08040695766327538
2 0.282942238267148 0.3510830324909747 0.09205776173285198 0.12815884476534292
2 0.40478339350180503 0.43592057761732855 0.07581227436823106 0.08844765342960287
2 0.48939530685920574 0.5469314079422383 0.07445848375451262 0.1083032490974729
11 0.1665162454873646 0.3682310469314079 0.09476534296028881 0.09386281588447652
11 0.38379963898916963 0.30324909747292417 0.06362815884476532 0.0902527075812274
11 0.44945848375451264 0.16064981949458484 0.06498194945848375 0.06498194945848378
