0 0.330302644138359 0.12184115523465704 0.6038351449362782 0.20036101083032493
15 0.42509025270758116 0.796028880866426 0.18953068592057754 0.25270758122743686
15 0.7547382671480145 0.7653429602888088 0.15839350180505407 0.17689530685920588
4 0.9171931407942238 0.32310469314079426 0.09070397111913366 0.4476534296028881
4 0.6829873646209386 0.2978339350180505 0.34521660649819497 0.05776173285198553
5 0.22066787003610105 0.29151624548736466 0.30324909747292417 0.0667870036101083
5 0.18749999999999997 0.44223826714801445 0.3100180505415162 0.05415162454873645
14 0.12996389891696747 0.5956678700361011 0.16516245487364617 0.1913357400722022
2 0.26940433212996395 0.6705776173285197 0.0758122743682311 0.10649819494584813
2 0.7696299638989168 0.5893501805054151 0.07987364620938635 0.10288808664259932
2 0.6890794223826714 0.1552346570397112 0.10288808664259924 0.11913357400722022
16 0.7696299638989168 0.427797833935018 0.10424187725631782 0.08303249097472921
11 0.8136281588447654 0.1435018050541516 0.09205776173285202 0.11371841155234659
11 0.4298285198555956 0.296028880866426 0.06092057761732846 0.0758122743682311
11 0.3154332129963899 0.5722021660649819 0.05415162454873645 0.07220216606498198
11 0.3993682310469313 0.6074007220216607 0.03790613718411556 0.06678700361010825
11 0.5191787003610108 0.6227436823104692 0.041967509025270716 0.06498194945848375
11 0.5895758122743682 0.5505415162454874 0.07445848375451256 0.10830324909747296
11 0.6457581227436822 0.6254512635379061 0.040613718411552424 0.10288808664259917
11 0.6552346570397112 0.42238267148014436 0.05956678700361017 0.08303249097472928
12 0.4379521912716116 0.41335740072202154 0.060922433084739686 0.03610108303249099
12 0.5604693140794224 0.3971119133574007 0.09205776173285195 0.032490974729241916
12 0.3736462093862815 0.5072202166064982 0.0351985559566787 0.09386281588447652
12 0.46705776173285185 0.5541516245487366 0.03790613718411556 0.08664259927797836
11 0.51985559566787 0.5045126353790613 0.03790613718411564 0.06317689530685917
