12 0.28356154284109414 0.09123284421843898 0.21534238905613529 0.10109585440421619
12 0.23589032694317072 0.18123281216365572 0.06739723626947741 0.09369859676488348
12 0.27370687610854466 0.2872601716607584 0.22193441608644682 0.07890408148621897
12 0.24164374955154108 0.3704793201032557 0.24328758458250394 0.05794518484144099
12 0.1734245957665822 0.5412326839445233 0.0871232566410318 0.027123278010887333
12 0.17589034831302647 0.448150525316251 0.08219175154814319 0.055479432294996724
12 0.33452042880094296 0.45924641177525033 0.15616432794147214 0.04068491701633093
12 0.17178251725208885 0.6176710128842957 0.060818383112686544 0.04438354583599716
12 0.3205478310377585 0.5443148746275785 0.1183561222293262 0.03328765937699806
12 0.29013688296494555 0.6250682705236292 0.08712325664103186 0.029589030557331527
12 0.48328749910308105 0.13746570446426948 0.06575340123851448 0.07027394757366263
12 0.4824655815876007 0.29157523861703816 0.06410956620755158 0.18123281216365586
12 0.4528765510302692 0.49068475674241513 0.08054791651718027 0.16767117315821217
12 0.5712326732595955 0.18369856471010018 0.06082189614562601 0.1947944511690995
12 0.6073970439407784 0.16890404943143436 0.06082189614562594 0.1109588645899934
12 0.5613696630738183 0.38958890233819893 0.07397257639332892 0.17999993589043367
12 0.6493148372303313 0.37602726333275527 0.10849311204354897 0.16767117315821217
12 0.5399998076713001 0.542465560217745 0.05753422608370022 0.07150682384688545
12 0.6378079920135914 0.5436984364909675 0.06246573117658883 0.13808214260088064
12 0.17424651328206367 0.7021230376000136 0.08876709167199469 0.028356154284109467
12 0.2967122230887971 0.7095202952393465 0.05424655602177452 0.0357534119234424
12 0.17260267825110076 0.804451768277452 0.07232874136236603 0.03082190683055373
12 0.29178071799590843 0.7927394436818416 0.0871232566410318 0.05671230856821865
12 0.4093149227097533 0.6910271511410141 0.06575340123851454 0.17136980197787857
12 0.5202737872997466 0.6349312807094065 0.07726024645525449 0.04191779328955306
12 0.5219176223307095 0.7446572690261778 0.057534226083700235 0.11342461713643771
12 0.6123285490336662 0.7310956300207336 0.08054791651718024 0.17506843079754597
12 0.738081928902325 0.8691777726216139 0.07232874136236594 0.061643813661108375
12 0.7315065887784747 0.6916435892776255 0.11178078210547483 0.08630133912555038
12 0.7586311841767138 0.7816435572228417 0.08383295180440131 0.06904107130044032
12 0.7684928769751375 0.5005477669281923 0.11342461713643752 0.07397257639332924
12 0.7578066318865279 0.6004107450591858 0.12821649764039927 0.08136983403266174
12 0.7874791715827604 0.27530127181050584 0.13923282712255486 0.06509586722612944
12 0.7874791715827604 0.3783697282518774 0.09945201937325336 0.08679448963483928
12 0.8028490291222633 0.1505341929604244 0.13380817152037708 0.10578078424246039
