15 0.4196750902527075 0.5433212996389891 0.2247292418772562 0.29241877256317694
15 0.5855169143897611 0.6796028880866426 0.16652119340046118 0.2075812274368233
4 0.8197189796282242 0.7229241877256317 0.3398039179998697 0.2184115523465703
4 0.9185469314079421 0.37184115523465705 0.05550541516245488 0.49458483754512644
5 0.49481232478149045 0.8240072202166064 0.312725631768953 0.0703971119133574
5 0.18004487428749322 0.7933212996389885 0.3194760301634341 0.04873646209386254
14 0.8115974729241876 0.4115523465703971 0.18005415162454866 0.2166064981949458
11 0.7838484762777825 0.22021660649819494 0.03790613718411564 0.07942238267148014
11 0.6538808664259927 0.33122743682310474 0.062274368231046894 0.08122743682310471
11 0.2741425992779783 0.47202166064981954 0.09341155234657034 0.10649819494584839
11 0.26940433212996384 0.5884476534296028 0.07851985559566785 0.10108303249097475
11 0.167870036101083 0.6028880866425993 0.056859205776173274 0.06859205776173283
11 0.17260830324909748 0.7157039711191335 0.06362815884476536 0.06317689530685926
11 0.0839350180505415 0.6958483754512637 0.06227436823104692 0.06678700361010825
11 0.1536552346570397 0.305956678700361 0.08528880866425992 0.08122743682310464
2 0.2504512635379061 0.3285198555956679 0.10288808664259924 0.10469314079422379
2 0.06904332129963899 0.5848375451263537 0.09747292418772563 0.09386281588447652
16 0.2741425992779783 0.7129963898916967 0.10424187725631764 0.08303249097472915
2 0.5381317689530686 0.21028880866425992 0.10153429602888081 0.11010830324909746
12 0.6836642599277977 0.23104693140794225 0.07310469314079412 0.04693140794223826
12 0.08461191335740072 0.29241877256317683 0.047382671480144384 0.10830324909747287
12 0.08664259927797832 0.45938628158844763 0.02978339350180505 0.10288808664259924
12 0.17396209386281586 0.46750902527075816 0.03655234657039712 0.1299638989169675
11 0.9138173231078466 0.7906137184115523 0.06228302707896607 0.06498194945848375
0 0.5245938628158844 0.37635379061371843 0.5834837545126352 0.5758122743682311
