15 0.29648014440433207 0.21841155234657042 0.2490974729241877 0.2815884476534296
15 0.898240072202166 0.37093862815884476 0.1773465703971118 0.2111913357400722
0 0.13199458483754511 0.42057761732851984 0.21254512635379058 0.7725631768953068
14 0.42305956678700357 0.47111913357400725 0.16651624548736466 0.18050541516245494
5 0.27481949458483756 0.5893501805054151 0.06498194945848379 0.388086642599278
5 0.6985559566787003 0.802346570397112 0.305956678700361 0.06317689530685926
4 0.7161552346570396 0.5045126353790614 0.0974729241877256 0.42057761732851984
4 0.5239169675090253 0.36191335740072206 0.19494584837545126 0.3953068592057762
16 0.34724729241877256 0.5631768953068592 0.09882671480144403 0.07581227436823106
2 0.5110559566787003 0.5875451263537905 0.07175090252707576 0.0956678700361011
2 0.7879098481189376 0.667870036101083 0.0866425992779783 0.1083032490974729
2 0.6748646209386281 0.24458483754512636 0.10694945848375453 0.11371841155234659
11 0.40139891696750896 0.6525270758122744 0.05550541516245481 0.06678700361010818
11 0.3763537906137184 0.7581227436823105 0.05685920577617331 0.061371841155234676
11 0.4589350180505415 0.7545126353790613 0.06227436823104696 0.054151624548736524
11 0.5489620938628158 0.7093862815884476 0.09070397111913359 0.0902527075812273
11 0.6308664259927798 0.7175090252707581 0.03249097472924184 0.06317689530685926
11 0.6322202166064982 0.6272563176895306 0.05415162454873645 0.06317689530685917
11 0.6694494584837546 0.39530685920577613 0.047382671480144294 0.10469314079422382
11 0.7919675090252707 0.20848375451263534 0.09205776173285188 0.11371841155234659
12 0.6674187725631768 0.5370036101083033 0.03790613718411564 0.08844765342960287
12 0.7770758122743681 0.526173285198556 0.05144404332129952 0.0776173285198557
12 0.6132671480144404 0.37545126353790614 0.03790613718411549 0.09386281588447659
12 0.5564079422382671 0.3122743682310469 0.03790613718411549 0.10108303249097471
12 0.5699458483754511 0.20577617328519857 0.0974729241877256 0.032490974729241874
