1 0.5471216519282858 0.0805862026824394 0.6520998469935325 0.11115338301026129
7 0.580468143495814 0.1625618226525071 0.5582369902293121 0.073175977148422
5 0.3223448107297577 0.22693815697928352 0.165495036926389 0.061134360655643684
4 0.53600631362726 0.23666407799268135 0.4396733816850336 0.08058620268243942
6 0.6107289477486316 0.3061349423740946 0.616283756912447 0.06947086438141307
6 0.45282068814537263 0.36377793497627403 0.4613891559025326 0.03840489528894769
3 0.6730954860065822 0.4126569344255951 0.2519476681565922 0.04909274416286543
4 0.3124645100177345 0.46360223497196484 0.11856360854427873 0.028714623944317452
6 0.37421638946787966 0.6395950914048786 0.22724691637653419 0.05835552608038725
0 0.6076384937894284 0.43998214108228434 0.47425443417711477 0.11300593939376569
1 0.5335362384492526 0.5511355240925451 0.6496297718155255 0.10559571385974892
0 0.692856087430628 0.6826670273213548 0.33840029938679517 0.11671105216077442
0 0.5211858625592253 0.7661147565825752 0.7953642073178697 0.21397026229475302
4 0.518306756893957 0.8316311138146533 0.4292657853127675 0.08749763945182557
7 0.5409464639832717 0.9013513725783929 0.5681172909413356 0.13986800695457893
