7 0.49688649799559315 0.09582811032772157 0.5275216053908102 0.14009957650251692
6 0.3967620006551278 0.15466993245877866 0.12702361602894868 0.03810708480868456
0 0.6702363739880407 0.19277701726746327 0.2914071191252352 0.10983806797797321
5 0.3802647412755716 0.22472924187725632 0.18772563176895304 0.0487364620938628
1 0.5174488567990372 0.2933212996389891 0.6209386281588446 0.11010830324909744
6 0.5138387484957881 0.37454873646209386 0.5896510228640192 0.030685920577617338
4 0.5607701564380264 0.4287003610108303 0.4235860409145607 0.04512635379061365
6 0.5186522262334534 0.48646209386281586 0.4452466907340551 0.03068592057761733
7 0.5355022945112747 0.5451263537906139 0.5222681269286862 0.06137184115523486
4 0.5559566787003609 0.6110108303249098 0.385078219013237 0.04512635379061365
0 0.51985559566787 0.6976534296028882 0.7268351383874849 0.17148014440433215
0 0.4620938628158844 0.8113718411552345 0.4332129963898915 0.18953068592057773
3 0.5231471224120682 0.8492779783393497 0.22876762516272958 0.059566787003610025
1 0.48134777376654625 0.9287003610108303 0.6305655836341757 0.08844765342960273
6 0.7220216606498194 0.7888086642599279 0.21660649819494573 0.036101083032491064
