13 0.2592509025270758 0.509927797833935 0.14214801444043323 0.17148014440433215
13 0.5780685920577617 0.8321299638989168 0.1299638989169675 0.20938628158844763
9 0.2362364620938628 0.7590252707581228 0.16110108303249093 0.2978339350180505
9 0.26669675090252704 0.2256317689530686 0.17870036101083028 0.30685920577617326
8 0.7892599277978338 0.8122743682310469 0.2382671480144404 0.2960288808664259
8 0.4352449192887434 0.4756317689530685 0.15839597576160241 0.2978339350180505
2 0.42305802056416114 0.76985559566787 0.18547240652510774 0.2833935018050541
2 0.5794223826714802 0.5270758122743683 0.14891696750902533 0.24909747292418763
8 0.8176895306859205 0.48104693140794225 0.18953068592057762 0.32310469314079426
2 0.8122743682310468 0.1588447653429603 0.14350180505415153 0.18411552346570395
2 0.6430505415162454 0.18231046931407946 0.1868231046931408 0.2093862815884477
2 0.4386281588447653 0.17509025270758122 0.18140794223826717 0.23104693140794225
