15 0.6782490974729241 0.4259927797833935 0.2111913357400723 0.29602888086642604
15 0.3878610108303249 0.5938628158844765 0.17463898916967502 0.20216606498194933
14 0.8508574007220215 0.7833935018050542 0.1638086642599278 0.2166064981949458
0 0.12387184115523464 0.546028880866426 0.13944043321299637 0.8429602888086642
4 0.24165162454873645 0.7057761732851985 0.06362815884476529 0.4765342960288808
4 0.6477888086642597 0.6759927797833934 0.358754512635379 0.08122743682310472
5 0.8434115523465704 0.38628158844765337 0.06768953068592054 0.407942238267148
5 0.398014440433213 0.1624548736462094 0.305956678700361 0.07581227436823106
11 0.35469314079422376 0.3104693140794224 0.0351985559566787 0.07220216606498188
11 0.44472021660649813 0.3167870036101083 0.06362815884476532 0.05595667870036102
11 0.48939530685920574 0.22924187725631767 0.06362815884476532 0.10108303249097471
11 0.4866877256317689 0.44494584837545126 0.06904332129963897 0.08483754512635372
11 0.3269404332129964 0.45758122743682306 0.04738267148014444 0.08483754512635379
11 0.3181407942238267 0.7924187725631768 0.08393501805054146 0.1299638989169675
11 0.6992328519855594 0.7490974729241877 0.08799638989169666 0.043321299638989216
11 0.5509927797833934 0.5776173285198556 0.05144404332129966 0.0722021660649819
16 0.7899368231046932 0.4241877256317689 0.05550541516245488 0.05415162454873645
12 0.7716606498194946 0.5433212996389891 0.029783393501805193 0.09386281588447645
12 0.40952166064981943 0.43231046931407946 0.05821299638989174 0.0595667870036101
12 0.5401624548736461 0.7833935018050542 0.0974729241877256 0.032490974729241916
12 0.6017599277978338 0.8583032490974729 0.07987364620938621 0.030685920577617196
2 0.7615072202166064 0.2148014440433213 0.07175090252707576 0.1299638989169675
2 0.6403429602888085 0.2075812274368231 0.08122743682310464 0.10108303249097472
2 0.4352436823104693 0.7527075812274369 0.10424187725631767 0.10830324909747305
