1 0.4082768889265795 0.08535538709121304 0.6736568667288562 0.1400900075129326
1 0.40725619670426305 0.15769694834789136 0.6695740978395903 0.14238656501314462
7 0.41644242670510906 0.2503247675231089 0.5777117978311073 0.1041106066762782
4 0.3603043544777064 0.365282780792055 0.4450218089299716 0.04593115000424021
4 0.368469892256238 0.31820335203770883 0.4695184222655665 0.04975874583792688
5 0.2521109789121629 0.42499327579756724 0.2061798289079227 0.04899322667118959
6 0.5037116117131675 0.43264846746494057 0.23782128779973255 0.042869073337290974
7 0.4215458878166934 0.5241280078900524 0.5593393378294139 0.0895657425082684
6 0.37765612225708606 0.571972955811136 0.4919736511565284 0.030620766669493378
6 0.6573257911717931 0.6133109908149521 0.11635891334407504 0.03368284333644269
6 0.4414493861518639 0.6619214579027729 0.6113946411675526 0.039041477503604115
0 0.46426185732063685 0.7473786749766788 0.7825647268500215 0.12631066251166062
0 0.2885496912488601 0.9086352874498987 0.31661872736256247 0.15073072393058168
0 0.5630648644408679 0.8261123212756138 0.474928091043843 0.0934698902586288
3 0.6674643857341894 0.39516215011532174 0.071856732451078 0.17094042993244726
