12 0.18446911238086397 0.24226018768815216 0.1026369497457439 0.07273970012010675
12 0.16366432527024022 0.31130125898859246 0.04808217465566379 0.07273970012010675
12 0.2792464758848165 0.2687670275624283 0.027739716147498296 0.051780803475330234
12 0.3185444070937726 0.3119176971252036 0.03421231658191459 0.15041090533310214
12 0.33934919420439635 0.2965067437099267 0.03513697378683119 0.08999996794521685
12 0.1687499398972814 0.39328753115786497 0.1081848929752434 0.05917806111466354
12 0.1548800818235324 0.46232860245830565 0.11928077943424287 0.04684929838244166
12 0.26167798899140104 0.40068478879719827 0.03328765937699803 0.14794515278665785
12 0.30837317783968987 0.49499982369869255 0.026815058942581727 0.15657528669921283
12 0.3504450806633957 0.48821900419597086 0.029589030557331596 0.14794515278665785
12 0.43458888631080733 0.2545889504203737 0.06842463316382918 0.082602710305884
12 0.4285786144788494 0.3852738353819214 0.06010271831957979 0.053013679748552464
12 0.43782518652801544 0.4715751745074719 0.047157517450747054 0.07273970012010679
12 0.4327395719009741 0.5702052763652437 0.053630117885163454 0.06287668993432974
12 0.4040751985485592 0.6595888061738495 0.06287668993432965 0.06410956620755158
12 0.11928077943424284 0.5301367974855239 0.04253423142616411 0.04191779328955299
12 0.19556499883986334 0.538766931398079 0.08044517682774523 0.034520535650220126
12 0.25936634597910796 0.5683559619554073 0.03606163099174967 0.147945152786664
12 0.1141951648072012 0.608424440835129 0.045308203040914485 0.025890401737667833
12 0.18539376958578038 0.6152052603378518 0.06380134713924612 0.024657525464443178
12 0.3490580948560208 0.6108901933815746 0.08969174887691128 0.08013695775943944
12 0.29030676304142644 0.6225550522406648 0.033216460772219805 0.05415162454873646
12 0.10855523583772779 0.6770657395118544 0.032209218940473454 0.0362090565866761
12 0.10697635255633203 0.756220421352495 0.04547183850419785 0.029472487919387617
12 0.16792124721820822 0.6859074858876706 0.04989271169210591 0.030314559002798377
12 0.1679212472182082 0.7633780255614891 0.025893685814890367 0.03368284333644269
12 0.10097659608702816 0.8480061694443016 0.03978785869117308 0.031156630086209704
12 0.1603426074675086 0.8391644230684855 0.04610339181675606 0.05220840717148647
12 0.22476104534845537 0.7486417816017942 0.03852475206605617 0.16083557693151407
12 0.28412705672893546 0.6964333744303091 0.04231407194140619 0.03957734092032011
12 0.2806535135098652 0.7995870821481651 0.03536698550326495 0.10441681434297294
12 0.31917826557592177 0.8063236508154535 0.03536698550326498 0.15999350584810343
12 0.38391248011314744 0.7427472840179178 0.052418924942339115 0.07662846859040733
12 0.3984382063019888 0.8336909610263135 0.04610339181675606 0.0648394734226524
12 0.38959645992617253 0.9170559982840095 0.03852475206605646 0.05810290475536391
10 0.43388989169675085 0.15974729241877259 0.18817689530685924 0.26173285198555957
10 0.5130866425992778 0.22472924187725635 0.12184115523465695 0.4061371841155236
10 0.6058212996389891 0.22743682310469318 0.05279783393501802 0.2888086642599278
10 0.6552346570397112 0.23285198555956677 0.07310469314079426 0.259927797833935
10 0.7337545126353789 0.24007220216606498 0.07310469314079426 0.37184115523465705
9 0.8542418772563177 0.36462093862815886 0.10559566787003603 0.16967509025270758
9 0.8664259927797834 0.868231046931408 0.11371841155234648 0.1949458483754512
13 0.8684560602112239 0.6859205776173286 0.09070520809740762 0.09747292418772574
13 0.6640342960288809 0.51985559566787 0.06633574007220211 0.1191335740072202
8 0.5361010830324906 0.506317689530686 0.1380866425992779 0.16787003610108311
8 0.5537003610108302 0.6904332129963899 0.10559566787003619 0.18231046931407946
8 0.7628610108303242 0.7138989169675094 0.10153429602888078 0.16064981949458443
2 0.816335740072202 0.5667870036101083 0.07851985559566785 0.11191335740072197
2 0.6741892718546114 0.6669675090252707 0.08393192560485638 0.14981949458483762
2 0.5340703971119133 0.891696750902527 0.07445848375451256 0.11552346570397119
2 0.641696750902527 0.8736462093862815 0.11101083032490976 0.14079422382671467
2 0.7642148014440433 0.8907942238267148 0.10694945848375453 0.16425992779783385
