0 0.42739710805034475 0.09123284421843898 0.48328749910308205 0.12328762732221485
0 0.6501367547458129 0.13191776123476992 0.35342453165701593 0.13561639005443635
1 0.5235614573616724 0.34150672768253515 0.6986298881592173 0.1405478951473249
7 0.5383559726403382 0.4635614787315279 0.6065751264252971 0.08876709167199472
0 0.5301367974855238 0.5350683025784124 0.8531503810697266 0.1380821426008806
1 0.5243833748771538 0.6460271671684058 0.7101367333759575 0.09863010185777185
7 0.5219176223307095 0.8099997115069516 0.5999997863014453 0.10109585440421612
5 0.26594464500601683 0.18411552346570395 0.17569193742478942 0.06137184115523466
4 0.608904933814681 0.24729241877256317 0.45728038507821905 0.0722021660649819
4 0.5499398315282791 0.7391696750902527 0.48856799037304455 0.0595667870036101
6 0.4139590854392299 0.8583032490974729 0.2551143200962695 0.04873646209386294
6 0.5367027677496992 0.9151624548736461 0.6738868832731648 0.028880866425992763
3 0.6016847172081828 0.4052346570397111 0.25511432009626955 0.05595667870036102
6 0.4440433212996389 0.3068592057761733 0.5078219013237063 0.06859205776173287
6 0.30445101880934483 0.25 0.11793310076879514 0.04873646209386287
