0 0.6092057761732852 0.5270758122743682 0.12725631768953063 0.7581227436823105
0 0.8115974729241876 0.42689530685920574 0.128610108303249 0.45667870036101077
0 0.9212545126353792 0.6958483754512634 0.13402527075812273 0.30505415162454874
1 0.27889694714355534 0.5712996389891696 0.10020771893719269 0.6696750902527075
1 0.49954873646209386 0.5740072202166064 0.09205776173285202 0.6498194945848376
3 0.4135830324909747 0.6904332129963899 0.09611913357400717 0.23285198555956682
7 0.09612037055228133 0.5604693140794222 0.10830077514092479 0.5685920577617327
7 0.1990056739937639 0.5722021660649816 0.09747601663341078 0.5703971119133568
4 0.3465703971119133 0.6028880866425992 0.04602888086642601 0.4584837545126353
4 0.7797833935018049 0.6606498194945849 0.07310469314079426 0.4151624548736462
6 0.6626805054151623 0.5595667870036101 0.05821299638989174 0.5920577617328519
6 0.72427797833935 0.44223826714801445 0.06768953068592054 0.4476534296028882
6 0.408167870036101 0.44223826714801445 0.03655234657039713 0.22743682310469318
6 0.747292418772563 0.5965703971119134 0.05144404332129952 0.12815884476534292
5 0.9151624548736461 0.3944043321299639 0.04602888086642594 0.16425992779783397
